calibration_time: '2025-05-19 12:17:20'
camera_matrix:
- - 220.10447546843665
  - 0.0
  - 308.3732463365969
- - 0.0
  - 221.1580699642592
  - 252.71146437666673
- - 0.0
  - 0.0
  - 1.0
dist_coeffs:
- - -0.10263234522072928
  - 0.012596057201408592
  - -0.0018191917059764454
  - 0.0003935582270829756
  - -0.0009021031547141421
height: 0.11479255726439894
image_height: 480
image_width: 640
pixel_ratio: 0.521536679434128
